% LIQUIDITY FACTORS OF PASTOR AND STAMBAUGH (JPE 2003) UPDATED THROUGH DEC 2023
% Column 1: Month
% Column 2: Levels of aggregated liquidity (Figure 1 in the paper)
% Column 3: Innovations in aggregated liquidity (non-traded liquidity factor; equation(8); the main series)
% Column 4: Traded liquidity factor (LIQ_V, 10-1 portfolio return)
% Note: The traded factor is the value-weighted return on the 10-1 portfolio from a sort on historical
% liquidity betas. This procedure is simpler than sorting on predicted betas (as in the original study)
% and through 2023 it is similarly successful at creating a spread in post-ranking betas. The traded
% factor has a positive and significant alpha through 2023, consistent with liquidity risk being priced.
%
% Month	Agg Liq.	Innov Liq (eq8)	Traded Liq (LIQ_V)
196208	 -0.01753665	  0.00426023	-99
196209	 -0.00407476	  0.01175717	-99
196210	 -0.10421182	 -0.07412780	-99
196211	 -0.01974170	  0.02857193	-99
196212	 -0.00508932	  0.01303725	-99
196301	 -0.05579688	  0.00992806	-99
196302	  0.01440415	  0.02554344	-99
196303	 -0.02345353	 -0.02017934	-99
196304	  0.05413256	  0.07845333	-99
196305	  0.00354149	 -0.01295515	-99
196306	  0.00959259	  0.00034782	-99
196307	  0.01432622	  0.02073508	-99
196308	  0.03377117	  0.03894505	-99
196309	 -0.00754051	  0.02034092	-99
196310	  0.02680674	  0.03269365	-99
196311	 -0.05313628	 -0.05982390	-99
196312	 -0.02057456	  0.01384531	-99
196401	 -0.07136865	 -0.05522603	-99
196402	 -0.02474947	  0.01310928	-99
196403	  0.03138953	  0.04168926	-99
196404	 -0.04066632	 -0.02743579	-99
196405	 -0.02572531	 -0.00604819	-99
196406	 -0.05656731	 -0.01058522	-99
196407	  0.05819052	  0.05611900	-99
196408	 -0.04851473	 -0.04423397	-99
196409	 -0.00816173	  0.01321209	-99
196410	  0.01293438	  0.03819936	-99
196411	  0.01488576	 -0.00409924	-99
196412	 -0.02673007	 -0.01310561	-99
196501	  0.03792484	  0.07040682	-99
196502	 -0.01642848	  0.02177063	-99
196503	  0.03397015	  0.01750695	-99
196504	  0.02236123	  0.04106733	-99
196505	 -0.01294328	  0.03416844	-99
196506	 -0.16340986	 -0.11285885	-99
196507	 -0.08097770	 -0.04969833	-99
196508	 -0.03474854	  0.07147652	-99
196509	  0.02700284	  0.06113595	-99
196510	  0.00619570	 -0.02526034	-99
196511	  0.04447103	  0.06718164	-99
196512	  0.04087982	  0.02404056	-99
196601	  0.03997342	  0.02265434	-99
196602	  0.03502076	  0.04606175	-99
196603	 -0.06624631	 -0.06503657	-99
196604	  0.02544957	  0.05502647	-99
196605	 -0.12120717	 -0.07872599	-99
196606	 -0.05336572	 -0.01258475	-99
196607	 -0.03300131	  0.00690045	-99
196608	 -0.10666850	 -0.08649144	-99
196609	 -0.08782498	 -0.04527971	-99
196610	 -0.20654128	 -0.08514696	-99
196611	 -0.05410496	  0.04746479	-99
196612	 -0.02167905	  0.04354121	-99
196701	 -0.02740850	  0.01207982	-99
196702	 -0.07258040	  0.01440670	-99
196703	 -0.00863176	  0.03439735	-99
196704	 -0.00152597	  0.01885690	-99
196705	  0.01392227	  0.02423295	-99
196706	 -0.06198466	 -0.04843185	-99
196707	 -0.02837509	  0.01410713	-99
196708	  0.02907304	  0.06927702	-99
196709	  0.02354394	  0.03009158	-99
196710	 -0.03053991	 -0.04139511	-99
196711	 -0.03066846	 -0.01121177	-99
196712	  0.00159134	  0.03366738	-99
196801	 -0.02152331	  0.00218847	 -0.02540564	
196802	 -0.03459893	 -0.01898003	  0.02213928	
196803	 -0.11694312	 -0.08224146	  0.00838539	
196804	  0.02245332	  0.08741183	  0.00504472	
196805	 -0.02061391	  0.00915999	 -0.01514423	
196806	  0.00822169	  0.03293168	 -0.00026051	
196807	 -0.01049623	  0.00812572	 -0.03551518	
196808	 -0.02019994	 -0.00835085	  0.00505116	
196809	 -0.00870728	  0.01449588	  0.01300449	
196810	  0.00660634	  0.02635902	 -0.00071775	
196811	 -0.00022576	  0.01577502	 -0.00615564	
196812	 -0.02857454	 -0.01048903	  0.01175393	
196901	 -0.03378834	 -0.00746166	  0.02260170	
196902	 -0.02503033	  0.01100625	  0.05643482	
196903	 -0.02256855	  0.00649062	 -0.01703415	
196904	 -0.01274491	  0.00901991	  0.01674071	
196905	  0.01158629	  0.04595286	  0.00647644	
196906	 -0.04735751	 -0.03898224	  0.05729539	
196907	 -0.12262451	 -0.09145427	  0.03244715	
196908	 -0.08789095	 -0.04628087	 -0.01348752	
196909	  0.01326256	  0.08908592	  0.02041740	
196910	 -0.06038219	 -0.02637887	 -0.05642570	
196911	  0.01656733	  0.04037750	  0.03169597	
196912	 -0.01985261	 -0.02550906	  0.02600825	
197001	 -0.11018564	 -0.06729240	  0.02194959	
197002	 -0.08139629	 -0.01059508	 -0.05988703	
197003	 -0.13845301	 -0.06527396	  0.00277473	
197004	 -0.09427155	 -0.03056251	  0.03971232	
197005	 -0.24058807	 -0.19801369	 -0.07777586	
197006	 -0.18762334	 -0.13903036	 -0.03616947	
197007	 -0.01379573	  0.06215094	 -0.00137115	
197008	 -0.06668893	  0.00612991	  0.00208282	
197009	 -0.06687556	 -0.01465360	 -0.01567859	
197010	  0.09627156	  0.09583372	 -0.01643634	
197011	 -0.05985976	 -0.04611322	 -0.00559368	
197012	 -0.07305842	 -0.01492579	  0.04992480	
197101	  0.01775836	  0.04219694	 -0.04014598	
197102	 -0.06448822	 -0.03759379	 -0.01763190	
197103	  0.03170128	  0.06231096	  0.01863740	
197104	 -0.00998386	  0.00623843	  0.02572797	
197105	 -0.01940864	 -0.02614297	  0.00384779	
197106	 -0.04414564	 -0.01226135	 -0.04189905	
197107	 -0.10142122	 -0.03329859	 -0.00583513	
197108	 -0.04506715	 -0.00820472	  0.02469990	
197109	  0.01980991	  0.06000456	  0.00327777	
197110	 -0.05637401	 -0.01298837	  0.03220380	
197111	 -0.09198767	 -0.03768001	  0.00706075	
197112	  0.00850009	  0.04631837	 -0.00224165	
197201	 -0.09412266	 -0.08227379	 -0.03669286	
197202	 -0.03060037	  0.01702139	  0.00969740	
197203	 -0.01137246	  0.02372449	  0.03382246	
197204	 -0.00295654	  0.01783986	  0.01401382	
197205	 -0.06445359	 -0.04317672	 -0.00251954	
197206	  0.00610800	  0.00315226	  0.01461396	
197207	 -0.08959187	 -0.06733580	  0.01614596	
197208	  0.01435214	  0.02194320	 -0.02701586	
197209	 -0.01895737	  0.02570070	 -0.01634573	
197210	 -0.03986215	 -0.02359949	 -0.01902972	
197211	 -0.01686769	 -0.03252137	 -0.00816412	
197212	 -0.07355568	 -0.03559123	  0.00900269	
197301	 -0.05781599	 -0.02793230	 -0.01481267	
197302	 -0.04853245	  0.02652919	 -0.01084836	
197303	 -0.03054217	 -0.01465186	 -0.01272228	
197304	 -0.04049684	 -0.01065414	  0.02311953	
197305	 -0.11534552	 -0.06494609	 -0.00270427	
197306	 -0.20033228	 -0.16597537	 -0.03230874	
197307	 -0.09612580	 -0.01061242	  0.00247033	
197308	 -0.09691967	 -0.02984502	  0.01591954	
197309	 -0.12374937	 -0.00519418	  0.01708394	
197310	 -0.05408999	  0.02152019	 -0.04304216	
197311	 -0.30250782	 -0.24126907	 -0.02651634	
197312	 -0.13258622	 -0.08207279	 -0.01679927	
197401	 -0.16222705	 -0.07069505	  0.10075292	
197402	 -0.12089040	 -0.05709616	  0.03963822	
197403	 -0.00128850	  0.11151850	  0.04361550	
197404	 -0.04192028	 -0.00061953	  0.02164613	
197405	 -0.10176336	 -0.08413003	  0.06053269	
197406	 -0.06936954	 -0.06555384	 -0.00694888	
197407	 -0.23115673	 -0.13709725	 -0.00457639	
197408	 -0.10185960	 -0.06543558	 -0.03129645	
197409	 -0.11031084	 -0.06914572	  0.02280320	
197410	 -0.08565812	  0.00514079	 -0.07279490	
197411	 -0.08357406	  0.03157549	 -0.02532073	
197412	 -0.10467737	 -0.04452108	  0.01928950	
197501	 -0.11363563	 -0.07797004	  0.10876389	
197502	 -0.07571968	  0.01660312	  0.03662677	
197503	 -0.13072540	  0.00338409	  0.05969079	
197504	  0.00011554	  0.03224744	  0.00217849	
197505	 -0.06664547	 -0.01304310	 -0.03349678	
197506	  0.02342901	  0.02365535	 -0.01748245	
197507	 -0.05962827	 -0.02770742	 -0.00961332	
197508	 -0.12755964	 -0.12151072	 -0.00855122	
197509	 -0.08967729	 -0.05371282	 -0.01921566	
197510	 -0.06496285	  0.02349867	  0.09069118	
197511	  0.00741821	  0.02576334	  0.03623193	
197512	 -0.02442816	 -0.02112392	 -0.00279676	
197601	 -0.06026916	 -0.03415710	  0.01930918	
197602	 -0.01850114	  0.05049111	 -0.04225125	
197603	 -0.01869402	  0.00703682	 -0.01797504	
197604	 -0.02836403	 -0.04816120	 -0.01965143	
197605	 -0.09013978	 -0.08662256	 -0.04059278	
197606	 -0.06495230	 -0.02378097	 -0.00572528	
197607	 -0.09137023	 -0.05532443	 -0.02705599	
197608	 -0.01515904	  0.03061700	  0.01794591	
197609	 -0.03775239	  0.01626170	 -0.01542257	
197610	 -0.08540734	 -0.04511173	  0.00385740	
197611	 -0.08199193	 -0.02231675	 -0.02387473	
197612	 -0.02567946	  0.05364359	 -0.01240966	
197701	 -0.06248706	 -0.04668238	 -0.03064272	
197702	 -0.00039705	  0.03595656	 -0.00984019	
197703	 -0.05633423	  0.03099661	  0.01079852	
197704	 -0.01072185	 -0.01088252	 -0.02492795	
197705	 -0.03332456	 -0.01424823	  0.01811865	
197706	 -0.00864341	  0.01659435	  0.02199312	
197707	 -0.04816932	 -0.01419674	  0.00119646	
197708	 -0.04412220	  0.00480498	  0.03132657	
197709	 -0.04748178	 -0.02287519	  0.01051654	
197710	 -0.03260695	 -0.00235983	 -0.01108198	
197711	 -0.01279571	  0.02767470	  0.00253713	
197712	  0.02084873	  0.03467577	 -0.00612393	
197801	 -0.04222258	 -0.00606955	  0.00672525	
197802	 -0.01929822	  0.01289275	  0.00010469	
197803	 -0.01049430	  0.00252448	  0.01720571	
197804	 -0.00780383	  0.01903098	  0.03084663	
197805	  0.01785201	  0.02141760	  0.01378779	
197806	  0.01073519	  0.01388090	  0.01089029	
197807	 -0.04349239	 -0.03529967	  0.03138675	
197808	  0.02096417	  0.03706112	 -0.00088631	
197809	 -0.00570674	 -0.01203227	 -0.02730711	
197810	 -0.10828928	 -0.10112881	  0.04280582	
197811	 -0.07491575	 -0.03138026	 -0.03162120	
197812	 -0.03422058	  0.03485781	  0.00199465	
197901	 -0.01441439	  0.02336990	 -0.01029938	
197902	 -0.03296427	  0.00704158	 -0.02811765	
197903	 -0.04381288	  0.02120265	 -0.00695441	
197904	  0.00478602	  0.05418626	  0.01849867	
197905	 -0.08102735	 -0.04714965	 -0.02188811	
197906	 -0.01188102	  0.02334622	 -0.01669465	
197907	  0.02263794	  0.06015749	 -0.01719865	
197908	  0.01305124	  0.03619616	  0.01475767	
197909	 -0.07426784	 -0.06311289	 -0.00978073	
197910	 -0.15447257	 -0.10346842	 -0.00030052	
197911	 -0.03883258	  0.00646773	 -0.06750272	
197912	 -0.00920058	  0.02346051	 -0.01807817	
198001	 -0.05958447	 -0.01965000	  0.00013109	
198002	 -0.09784091	 -0.04287413	  0.02114945	
198003	 -0.14193797	 -0.08765149	  0.02794556	
198004	 -0.05117316	 -0.03126941	 -0.01240179	
198005	  0.03284126	  0.07777080	 -0.00782060	
198006	 -0.01566887	  0.00194068	  0.01010759	
198007	 -0.03519602	 -0.01617692	 -0.00569326	
198008	  0.00723605	  0.05266263	  0.01373905	
198009	 -0.04758752	 -0.01785540	  0.00919783	
198010	 -0.01239088	  0.03535165	  0.02758604	
198011	 -0.02423485	  0.00232816	  0.03062221	
198012	 -0.05639616	 -0.01327018	  0.02748807	
198101	 -0.02295500	  0.00342060	  0.03893398	
198102	 -0.00758953	  0.00034249	  0.00211983	
198103	 -0.02136465	  0.01374299	  0.01393817	
198104	 -0.02810852	  0.01004741	 -0.01912218	
198105	  0.00737341	  0.02848178	 -0.02798762	
198106	  0.00168118	  0.03064747	  0.06094841	
198107	 -0.01763500	  0.01109223	 -0.01241394	
198108	 -0.07670137	 -0.04363144	 -0.00142182	
198109	 -0.15284444	 -0.12054939	  0.09223195	
198110	 -0.04551135	 -0.00273176	 -0.02465792	
198111	 -0.03161579	 -0.01471995	  0.06060739	
198112	 -0.02358720	  0.02675230	  0.00907384	
198201	 -0.06997584	 -0.05910923	 -0.01978417	
198202	 -0.12230555	 -0.08144140	 -0.01144574	
198203	 -0.03094867	  0.00851825	  0.04354018	
198204	  0.00482292	  0.04279473	 -0.02399156	
198205	 -0.00252187	 -0.00817016	  0.02935751	
198206	 -0.01252549	  0.02103224	  0.04970968	
198207	  0.01259311	  0.01760311	 -0.01586295	
198208	 -0.05756179	 -0.03623635	 -0.00509109	
198209	 -0.02623568	  0.02473437	  0.04186289	
198210	 -0.04193409	 -0.00711896	 -0.03783243	
198211	 -0.00449950	  0.02790299	  0.01049033	
198212	  0.00074378	  0.02910216	 -0.03135686	
198301	 -0.02964785	  0.00189792	 -0.05475749	
198302	  0.00812041	  0.03929395	 -0.03120860	
198303	 -0.04766193	 -0.02657642	  0.04017853	
198304	 -0.00471343	  0.02548735	  0.03559141	
198305	 -0.07871142	 -0.04699125	  0.01816680	
198306	 -0.00339973	  0.04808618	  0.00092081	
198307	 -0.04793408	 -0.02564099	  0.04384996	
198308	 -0.04234025	 -0.00988485	  0.04344734	
198309	 -0.02372007	  0.02553119	  0.01391928	
198310	  0.03439859	  0.05993687	  0.05772609	
198311	  0.01370172	  0.05020122	 -0.07196858	
198312	 -0.03358922	  0.01466676	  0.05002490	
198401	 -0.02518414	 -0.00573629	  0.06525340	
198402	 -0.04222727	 -0.02766207	  0.00521760	
198403	 -0.00982163	  0.03045695	  0.00941229	
198404	 -0.08444471	 -0.04802803	  0.00409888	
198405	  0.00682982	  0.04569338	  0.02360299	
198406	 -0.01601648	  0.02388718	 -0.00288699	
198407	 -0.02663180	  0.01173315	  0.02081929	
198408	  0.00187372	  0.03260926	 -0.03492146	
198409	 -0.01898864	  0.01081240	  0.02426426	
198410	 -0.02988708	 -0.01096272	 -0.00664306	
198411	 -0.00231840	  0.00636493	  0.01563082	
198412	 -0.03602564	 -0.00302722	 -0.00023396	
198501	 -0.00841324	  0.01682558	 -0.01660344	
198502	 -0.01040315	  0.00592210	  0.02277367	
198503	  0.00593392	  0.00404789	  0.03882319	
198504	  0.01006849	  0.03066178	  0.03804409	
198505	  0.00000677	  0.02316535	 -0.00808688	
198506	 -0.00496640	 -0.00186577	  0.00855668	
198507	 -0.02202200	  0.02394855	 -0.01828073	
198508	  0.02641898	  0.03257513	  0.02600935	
198509	 -0.01917228	 -0.00813959	  0.01085101	
198510	 -0.01874444	 -0.01382708	  0.05068405	
198511	 -0.00196966	  0.02732004	  0.00714591	
198512	 -0.01579079	  0.02385605	 -0.01941905	
198601	 -0.06592515	 -0.03695994	  0.01882153	
198602	 -0.00938448	  0.01985321	  0.00280428	
198603	  0.00792626	  0.04381365	  0.03946652	
198604	  0.02937072	  0.02414239	 -0.00513904	
198605	  0.00463582	  0.02012562	  0.02732007	
198606	 -0.06956802	 -0.06340986	  0.05863968	
198607	 -0.00237977	  0.01935357	 -0.01490146	
198608	 -0.02734166	  0.01199190	 -0.02610917	
198609	 -0.00466824	 -0.02430844	  0.04365573	
198610	  0.03939260	  0.06351213	  0.01596314	
198611	  0.01677837	  0.02265068	 -0.03037115	
198612	  0.01118096	  0.03382984	 -0.01180831	
198701	 -0.02911501	 -0.00907220	 -0.07334350	
198702	  0.00529227	  0.02573911	 -0.04018167	
198703	 -0.02361702	  0.01696482	 -0.01323575	
198704	 -0.12662749	 -0.10929728	 -0.03988962	
198705	  0.00544621	  0.03087577	  0.01258425	
198706	  0.00750473	  0.05582145	  0.02582911	
198707	  0.01877447	 -0.02525317	  0.00803324	
198708	 -0.00003515	  0.01422681	 -0.05904169	
198709	 -0.04182135	 -0.05456071	  0.00162348	
198710	 -0.46169773	 -0.39175222	  0.05431057	
198711	 -0.02515845	 -0.07477846	 -0.01692999	
198712	 -0.10552480	 -0.03125825	  0.00835925	
198801	 -0.11083843	 -0.07654611	  0.04415469	
198802	 -0.03348581	  0.06078589	  0.00330430	
198803	 -0.03029858	  0.02449604	 -0.01998427	
198804	  0.00880543	  0.02862009	 -0.02541647	
198805	 -0.06855347	 -0.00120625	 -0.00520483	
198806	  0.00688993	  0.01882509	 -0.00962875	
198807	  0.01712411	  0.03251667	 -0.00893175	
198808	 -0.02484266	  0.02753058	  0.03565788	
198809	 -0.02317842	  0.00119786	  0.01488299	
198810	 -0.04267395	  0.00320596	  0.02375891	
198811	 -0.06681857	 -0.00960977	 -0.00070705	
198812	 -0.02431808	  0.00132203	 -0.04442614	
198901	  0.01842500	  0.07424037	 -0.00066201	
198902	 -0.00261030	  0.01229208	 -0.00370499	
198903	  0.00049190	  0.00791288	 -0.01005239	
198904	 -0.02148396	 -0.00279834	 -0.01942944	
198905	  0.04337706	  0.04856399	 -0.03793897	
198906	 -0.00150094	  0.00150777	  0.07322710	
198907	  0.01777991	  0.02614331	  0.03174884	
198908	 -0.08467239	 -0.05291716	  0.00711113	
198909	  0.02786316	  0.01576850	 -0.04838182	
198910	 -0.15749531	 -0.11291170	  0.02414736	
198911	 -0.00979964	  0.01588073	 -0.02475016	
198912	 -0.02131812	  0.00712070	  0.01943802	
199001	 -0.02371547	 -0.00544608	 -0.03403647	
199002	 -0.00493618	  0.02575118	 -0.02993156	
199003	 -0.02227970	  0.03518797	 -0.02618451	
199004	  0.00903327	  0.00801225	  0.05838816	
199005	  0.01200611	  0.01178209	 -0.00653357	
199006	  0.00178264	 -0.00273487	  0.02597323	
199007	 -0.02635311	 -0.01504209	  0.05079944	
199008	  0.02512102	  0.00414275	  0.04516347	
199009	 -0.01568082	  0.05869395	  0.01963880	
199010	  0.05201194	  0.04854451	 -0.01307316	
199011	  0.02180100	  0.00861073	 -0.01186456	
199012	 -0.05574597	 -0.02811547	 -0.03435371	
199101	  0.03895971	  0.02270089	 -0.09480416	
199102	 -0.02117548	 -0.03732204	 -0.01976099	
199103	 -0.02611774	 -0.02377652	 -0.00719494	
199104	  0.00646525	  0.04416643	  0.01658207	
199105	 -0.00602298	  0.00007592	 -0.01043347	
199106	  0.04170756	  0.05037247	  0.02998807	
199107	 -0.00135326	  0.00391129	  0.01557791	
199108	 -0.01695233	 -0.01974360	 -0.01699254	
199109	 -0.01442521	  0.01701503	  0.01170763	
199110	 -0.02169450	  0.02009200	  0.02183811	
199111	  0.02615505	 -0.00291796	  0.04312706	
199112	 -0.05322488	 -0.07201283	 -0.04932854	
199201	 -0.06539798	 -0.04112037	 -0.07748136	
199202	 -0.03882487	  0.01128484	 -0.04885885	
199203	 -0.03465568	  0.02084313	 -0.00085337	
199204	  0.03518324	  0.04506280	 -0.00461487	
199205	  0.00132677	  0.05139024	 -0.00157019	
199206	  0.06758642	  0.00860779	  0.01939018	
199207	 -0.05001814	 -0.04937021	  0.02428208	
199208	 -0.00621343	 -0.00083423	  0.04932559	
199209	  0.01457686	  0.03290214	 -0.02176638	
199210	 -0.05938540	 -0.05333576	 -0.01951491	
199211	  0.00064767	  0.03252701	 -0.05071980	
199212	  0.00997473	  0.02307954	 -0.03053146	
199301	  0.01066849	  0.04155524	 -0.00898190	
199302	 -0.03033735	 -0.00962514	  0.06623622	
199303	 -0.03524115	 -0.00647735	 -0.03846259	
199304	  0.00905305	  0.03753330	 -0.01728532	
199305	 -0.01625729	  0.00947312	  0.04146819	
199306	 -0.01856489	  0.00998255	 -0.03527159	
199307	 -0.01795869	  0.00903379	 -0.01283928	
199308	  0.04142405	  0.02549835	  0.01799178	
199309	  0.02295099	  0.03790010	 -0.07830297	
199310	  0.00044278	  0.01558322	  0.04276914	
199311	  0.00701532	  0.02188793	  0.04920888	
199312	  0.04816587	  0.03034304	  0.01650241	
199401	  0.03945276	  0.07157179	 -0.00248060	
199402	 -0.05118445	 -0.03876665	  0.00783604	
199403	 -0.01754406	 -0.01005775	  0.02580671	
199404	 -0.07560195	 -0.05257716	  0.00559831	
199405	 -0.04146914	 -0.00176341	  0.03150225	
199406	 -0.07876295	 -0.03712337	 -0.00198332	
199407	  0.01170539	  0.06177165	 -0.00750660	
199408	 -0.01712680	  0.03444694	  0.00548321	
199409	  0.02057847	  0.01603945	  0.03119027	
199410	  0.02948730	  0.03275399	  0.00973093	
199411	 -0.01550632	 -0.04553699	 -0.02160148	
199412	 -0.03463670	 -0.01128710	  0.01930035	
199501	  0.02206376	  0.06075991	 -0.03140997	
199502	  0.02359710	  0.02411879	 -0.02663006	
199503	  0.00997819	 -0.01164882	  0.00982348	
199504	  0.03159925	  0.05168967	  0.00352130	
199505	  0.00549143	  0.01057058	 -0.01164138	
199506	 -0.02606348	 -0.03565504	 -0.00567392	
199507	 -0.00492064	  0.01127866	  0.03964738	
199508	 -0.00307188	  0.01966911	 -0.02143166	
199509	 -0.02972287	 -0.02586515	 -0.07656433	
199510	 -0.00932857	  0.00541682	  0.03771907	
199511	  0.03077631	  0.05760202	  0.00909125	
199512	 -0.06585245	 -0.02992060	 -0.01612119	
199601	 -0.02406434	 -0.00890669	  0.02844004	
199602	  0.02437703	  0.07073625	  0.00972366	
199603	 -0.05198898	 -0.04545363	 -0.01150870	
199604	 -0.02575378	  0.01791409	 -0.03253059	
199605	  0.01231168	  0.02263437	 -0.01003411	
199606	 -0.01043103	 -0.01058388	 -0.04781987	
199607	 -0.03805803	 -0.01435220	 -0.03935225	
199608	  0.06257344	  0.09062084	  0.00714965	
199609	 -0.00120862	 -0.01771574	 -0.03213671	
199610	 -0.01304696	 -0.03491569	 -0.02175363	
199611	 -0.00762476	 -0.01180067	  0.02343186	
199612	  0.01492212	  0.02531036	 -0.02166792	
199701	 -0.01805322	  0.04946217	 -0.02445167	
199702	  0.00010695	 -0.01797277	 -0.01995632	
199703	 -0.00914433	  0.01668104	  0.01638578	
199704	  0.01870290	  0.02082385	  0.04514910	
199705	  0.02624563	  0.04218502	  0.01443537	
199706	 -0.00984361	 -0.00561372	  0.00005618	
199707	 -0.00843406	  0.00199612	 -0.00058943	
199708	 -0.05685736	 -0.01126343	  0.00094422	
199709	 -0.02726881	  0.03252208	 -0.01076099	
199710	 -0.17045339	 -0.11123468	  0.02466401	
199711	  0.02225625	  0.07030243	  0.03359202	
199712	 -0.02601744	  0.02846992	  0.04001086	
199801	 -0.04385878	 -0.07299383	  0.02357964	
199802	 -0.12011072	  0.00028016	  0.07538767	
199803	 -0.05901035	 -0.01052075	 -0.03254065	
199804	  0.04140759	  0.09445967	  0.00497198	
199805	  0.00691948	  0.01312668	 -0.00767628	
199806	 -0.04217002	 -0.02965199	  0.02194740	
199807	 -0.05127160	  0.00572894	  0.00792674	
199808	 -0.05158333	  0.01030393	 -0.03482823	
199809	 -0.27408101	 -0.25793363	  0.05509535	
199810	 -0.04391960	  0.05720626	  0.00950975	
199811	  0.04820277	  0.11337321	  0.00163953	
199812	 -0.14833407	 -0.10742301	  0.04828456	
199901	  0.06342531	  0.06617823	  0.05095578	
199902	 -0.08654181	 -0.06366804	  0.02054718	
199903	 -0.06150471	 -0.00534093	 -0.00332609	
199904	  0.19802355	  0.27697434	  0.08767822	
199905	 -0.13408331	 -0.13999711	 -0.00719636	
199906	  0.05855012	  0.06383665	  0.04269869	
199907	  0.06703473	  0.05331859	 -0.01601707	
199908	  0.05135435	 -0.01299448	 -0.00438140	
199909	 -0.04828547	 -0.07346329	 -0.03079376	
199910	  0.09828173	  0.08420832	  0.09079864	
199911	 -0.00169317	 -0.03864453	 -0.01671316	
199912	 -0.07442397	 -0.08090257	  0.04501071	
200001	 -0.06743720	 -0.04458698	  0.01096611	
200002	 -0.04172311	 -0.01389170	  0.00889955	
200003	 -0.00618156	  0.10974552	 -0.00154299	
200004	 -0.22530357	 -0.21964730	 -0.04316132	
200005	  0.06595434	  0.08344189	 -0.02651480	
200006	 -0.18106617	 -0.15867170	 -0.03392962	
200007	  0.05562614	 -0.06000464	  0.11025636	
200008	 -0.07174736	  0.01917695	 -0.00939793	
200009	 -0.16872981	 -0.15507869	 -0.03893589	
200010	 -0.13664786	 -0.00390869	  0.02337290	
200011	 -0.14439405	 -0.13254663	 -0.03671737	
200012	  0.09559686	  0.06664484	  0.01130186	
200101	 -0.14739081	 -0.05289390	  0.07131207	
200102	 -0.05684650	 -0.06350861	  0.03991331	
200103	 -0.06035493	  0.02497169	  0.07061213	
200104	 -0.06215272	  0.10672675	  0.00743734	
200105	  0.10054836	  0.11024158	  0.03162855	
200106	  0.01593630	  0.08431623	  0.00317664	
200107	 -0.04836669	 -0.00118531	  0.03563154	
200108	 -0.05223821	  0.05754690	  0.04913043	
200109	 -0.04060099	 -0.12730887	 -0.10070463	
200110	  0.06991310	  0.10198438	  0.03493576	
200111	  0.02057022	 -0.00941939	  0.03266710	
200112	  0.01329669	  0.05502776	  0.06825668	
200201	 -0.06933654	 -0.01474322	 -0.01242267	
200202	 -0.01014436	 -0.00874286	  0.03759379	
200203	  0.06089692	  0.02589692	  0.07805775	
200204	 -0.10984668	 -0.03141372	  0.05146454	
200205	 -0.03394845	 -0.04519040	  0.05081821	
200206	 -0.11584185	 -0.05790312	 -0.00913905	
200207	 -0.06592232	  0.00140043	 -0.04580001	
200208	 -0.02471742	 -0.00635662	  0.00343014	
200209	 -0.17025101	 -0.09213113	  0.00133774	
200210	 -0.30762302	 -0.14970737	  0.04117081	
200211	 -0.03852698	  0.01004989	  0.01743669	
200212	 -0.17765633	 -0.01144880	 -0.01163296	
200301	 -0.08552163	 -0.08954590	 -0.02155062	
200302	 -0.04021868	 -0.03899751	  0.01144085	
200303	 -0.10824941	 -0.06919257	 -0.00148600	
200304	 -0.05209150	 -0.00898384	  0.03747393	
200305	  0.02654334	  0.02104133	  0.00851668	
200306	 -0.01773686	 -0.00102203	 -0.00943770	
200307	 -0.03637369	  0.01957787	  0.06786535	
200308	 -0.01409055	  0.00063429	  0.04096158	
200309	 -0.11151611	 -0.02784595	 -0.00741016	
200310	 -0.04081320	  0.00949798	  0.02035822	
200311	 -0.05097340	 -0.02393138	  0.00453200	
200312	 -0.02134025	  0.04915223	 -0.00327383	
200401	 -0.10836096	 -0.02056076	 -0.05278612	
200402	 -0.03629706	 -0.05957922	  0.02821727	
200403	  0.02709084	  0.07366107	  0.01684606	
200404	 -0.05259627	  0.00903864	 -0.00451048	
200405	 -0.00584636	 -0.02322532	 -0.00184917	
200406	  0.05580165	  0.11120760	  0.02598052	
200407	 -0.03592135	 -0.01309997	  0.07181666	
200408	  0.00419211	  0.04851191	  0.06520698	
200409	 -0.02612415	  0.00103242	 -0.00145842	
200410	  0.01505644	  0.01856696	 -0.01576515	
200411	 -0.01810987	  0.03206091	  0.01382888	
200412	 -0.07001299	 -0.02017208	 -0.03431977	
200501	 -0.00561092	  0.01171446	  0.04238401	
200502	 -0.05566893	 -0.00294573	  0.05583696	
200503	 -0.02000190	  0.00192760	 -0.00300091	
200504	 -0.12695313	 -0.09916346	 -0.05295723	
200505	  0.00357970	  0.04804151	  0.00014587	
200506	  0.00197650	  0.08026978	  0.04271190	
200507	  0.02442722	  0.03452101	  0.02728237	
200508	  0.04779531	  0.07801602	  0.02995726	
200509	 -0.02282613	  0.02038559	  0.03393450	
200510	 -0.05176370	  0.01028320	 -0.04393140	
200511	  0.08820635	  0.06655244	  0.00550748	
200512	 -0.02396660	 -0.07591540	  0.00038138	
200601	 -0.05568256	 -0.03611857	  0.03383014	
200602	 -0.05908258	 -0.04117823	 -0.03888196	
200603	 -0.02457918	  0.01975108	  0.01238598	
200604	  0.01282215	  0.02870725	 -0.00666897	
200605	 -0.02519272	  0.00904616	  0.02055420	
200606	 -0.06745814	  0.00033912	  0.03208476	
200607	  0.00392041	 -0.00189564	  0.05469685	
200608	  0.01674504	 -0.02616406	 -0.02801405	
200609	 -0.06006415	 -0.04166526	 -0.01752444	
200610	  0.03231136	  0.06053051	  0.03803449	
200611	 -0.00477928	  0.03922595	  0.02836054	
200612	  0.02912667	  0.02217794	 -0.01617033	
200701	  0.04338604	  0.01176017	  0.00349177	
200702	 -0.00636273	  0.03406100	  0.02498007	
200703	 -0.03858859	 -0.02649698	  0.02949978	
200704	 -0.01314712	  0.00980078	  0.02012920	
200705	  0.02691214	  0.06141274	  0.02757409	
200706	  0.06254018	  0.09349734	  0.00808435	
200707	 -0.00280120	 -0.01337912	  0.02647683	
200708	 -0.15688331	 -0.19384495	 -0.00468925	
200709	 -0.04698278	 -0.03157135	  0.03339979	
200710	 -0.19141352	 -0.04755266	  0.05505309	
200711	 -0.16848869	 -0.02776756	  0.02181934	
200712	 -0.04286566	  0.02710193	  0.05028802	
200801	 -0.15709411	 -0.05938368	 -0.12657549	
200802	  0.07933861	 -0.01833417	  0.03009320	
200803	 -0.26874675	 -0.14964387	  0.04105458	
200804	  0.06011212	  0.10671890	  0.10871313	
200805	 -0.01916144	  0.00134239	  0.08058900	
200806	 -0.08686875	 -0.03551971	  0.09451179	
200807	 -0.17516923	 -0.07201230	 -0.13225786	
200808	 -0.00480399	  0.02324499	  0.01819551	
200809	 -0.10135142	 -0.23786888	 -0.13550608	
200810	 -0.22932815	 -0.04740514	 -0.08977999	
200811	  0.07299987	  0.14296879	 -0.05779453	
200812	 -0.30815682	 -0.19000816	 -0.08469479	
200901	 -0.04154820	 -0.15511781	  0.07990491	
200902	 -0.03537968	  0.03440678	 -0.00348468	
200903	 -0.09956666	 -0.03351641	 -0.04477284	
200904	 -0.09607376	 -0.04240943	 -0.04653182	
200905	 -0.07201629	  0.07210303	  0.01953465	
200906	 -0.04054450	  0.01835335	 -0.01328322	
200907	  0.07996965	  0.04095114	 -0.01619019	
200908	 -0.01591909	 -0.00324712	 -0.05453840	
200909	  0.01414678	  0.06306506	  0.06457085	
200910	 -0.06074820	 -0.05213994	  0.07770456	
200911	 -0.03522501	 -0.01044725	 -0.00284503	
200912	  0.13697338	 -0.00124658	  0.02283539	
201001	  0.05788525	  0.11794349	 -0.01105698	
201002	  0.01445669	  0.03293625	 -0.00755895	
201003	  0.01741086	  0.03196891	 -0.06257515	
201004	 -0.06437738	 -0.05386090	  0.01020015	
201005	 -0.07894997	 -0.01745661	 -0.02806075	
201006	 -0.05562146	  0.01496882	  0.00383754	
201007	 -0.01822582	 -0.00086348	  0.02483923	
201008	  0.00020335	  0.02679847	  0.02131701	
201009	 -0.03018753	  0.08293270	  0.03255056	
201010	 -0.04019747	 -0.05114340	  0.02321111	
201011	 -0.01660863	 -0.00385092	  0.02746053	
201012	  0.03733859	  0.08708576	  0.03149786	
201101	 -0.03436781	 -0.03459147	  0.00967912	
201102	 -0.01119657	 -0.01550884	 -0.01051377	
201103	 -0.03244630	 -0.01526818	  0.00236662	
201104	  0.00997818	  0.02055293	 -0.05769035	
201105	  0.01770700	  0.02238119	 -0.02694952	
201106	 -0.00861605	  0.02687871	 -0.02095266	
201107	 -0.01354614	  0.01520260	  0.00057567	
201108	 -0.05086509	 -0.04836219	 -0.03747095	
201109	  0.01295526	  0.03028820	 -0.06508016	
201110	 -0.04181748	  0.02570489	  0.07673227	
201111	 -0.09615061	 -0.02780261	  0.02782179	
201112	  0.01017358	  0.05057057	 -0.00950600	
201201	  0.01930727	  0.05154589	 -0.02556737	
201202	  0.03101950	  0.00885025	  0.02446527	
201203	 -0.01915000	 -0.00750411	 -0.05768068	
201204	  0.00870670	 -0.01429649	  0.00219896	
201205	  0.08348980	 -0.00662603	 -0.00215711	
201206	  0.01779129	 -0.00077637	  0.01378388	
201207	  0.01628135	  0.10112998	 -0.00439776	
201208	 -0.04169714	 -0.02288110	 -0.00457896	
201209	  0.04584002	  0.03581467	 -0.02457812	
201210	 -0.02182354	 -0.04306771	  0.00233808	
201211	 -0.01314424	 -0.05133072	 -0.01754981	
201212	  0.01042216	  0.03003365	  0.01674306	
201301	  0.01582313	  0.02750441	 -0.02549078	
201302	 -0.02502447	 -0.01606034	 -0.00809271	
201303	  0.02584343	  0.07275143	  0.00607252	
201304	 -0.00375058	 -0.01360420	 -0.01888749	
201305	  0.00374615	  0.02068637	  0.00363658	
201306	 -0.02859702	  0.01475267	 -0.01306490	
201307	 -0.02124901	  0.01076696	  0.00276527	
201308	 -0.03567506	  0.01373444	  0.01257205	
201309	 -0.02416619	 -0.00768210	 -0.02340124	
201310	  0.06906188	  0.10166495	 -0.02071411	
201311	 -0.06682225	  0.03617344	 -0.02687523	
201312	  0.03024744	  0.02558564	 -0.00299505	
201401	 -0.00669558	  0.01881325	  0.03016848	
201402	  0.01876573	  0.02408447	 -0.00845716	
201403	 -0.00108010	  0.03030691	  0.03065791	
201404	 -0.00597065	 -0.00563621	 -0.05041689	
201405	 -0.07604176	 -0.03058170	  0.00294652	
201406	  0.03555157	  0.08907559	  0.01516767	
201407	  0.00970383	  0.02563162	 -0.00384578	
201408	 -0.00700511	 -0.00061436	  0.00352413	
201409	  0.00942029	  0.02826335	  0.02116180	
201410	  0.03156208	  0.04506411	  0.04238834	
201411	 -0.04093063	 -0.02886335	  0.00220695	
201412	  0.02857210	  0.05878310	  0.02564281	
201501	  0.00006477	  0.02164542	 -0.01822077	
201502	 -0.00774800	  0.00105065	  0.00068547	
201503	 -0.04318635	 -0.02116685	  0.01244365	
201504	 -0.02162295	  0.00629735	 -0.00539322	
201505	  0.01913707	  0.00426473	  0.04482210	
201506	  0.01133199	  0.00971479	  0.02952947	
201507	  0.04047104	  0.03302740	  0.00868989	
201508	  0.02562904	  0.07111358	 -0.00664299	
201509	 -0.04876124	 -0.07773430	  0.00601446	
201510	  0.00812565	  0.10665884	 -0.06909777	
201511	 -0.12190966	 -0.03429927	  0.03966728	
201512	 -0.08085618	 -0.01236988	 -0.00089856	
201601	 -0.08338510	 -0.04499263	 -0.03380666	
201602	  0.00317650	  0.03007122	 -0.02869227	
201603	 -0.02077123	  0.00359093	 -0.02126196	
201604	  0.08328224	  0.09162759	 -0.01051141	
201605	 -0.04418752	 -0.05543429	  0.01759801	
201606	 -0.01959616	 -0.02672833	 -0.01530551	
201607	  0.06306624	  0.01055456	  0.03289437	
201608	  0.00844411	 -0.00431219	 -0.00538695	
201609	 -0.04118253	 -0.03166076	  0.01145573	
201610	  0.10321774	  0.09003666	  0.01155861	
201611	 -0.07588807	 -0.00418203	 -0.00348322	
201612	  0.00176770	  0.04963706	 -0.01485460	
201701	  0.04555742	  0.06719042	  0.02084784	
201702	 -0.05746363	 -0.05291950	 -0.02596674	
201703	 -0.01047972	 -0.06437322	 -0.03516001	
201704	 -0.02995390	  0.00991193	 -0.02159388	
201705	  0.10505061	  0.08918750	 -0.03513859	
201706	  0.04244786	  0.02363279	  0.03204044	
201707	 -0.01939452	  0.01342279	  0.03266733	
201708	  0.02982351	  0.06427488	 -0.02430416	
201709	  0.05203766	  0.05538758	 -0.01470475	
201710	  0.02676379	  0.03099575	 -0.04787233	
201711	  0.03465119	  0.01905773	 -0.01565814	
201712	  0.03739721	  0.04602908	  0.05101684	
201801	 -0.05291913	 -0.00999627	  0.01197226	
201802	  0.00309952	  0.02973665	  0.05234304	
201803	  0.02923252	  0.08556504	  0.00320805	
201804	 -0.07864566	 -0.01218473	  0.01273375	
201805	  0.02707212	  0.08556505	  0.06977742	
201806	  0.10043021	  0.12558147	 -0.02195374	
201807	 -0.02329430	 -0.02324343	 -0.00600478	
201808	  0.09291973	  0.04540027	 -0.01631540	
201809	 -0.04382566	  0.05732026	  0.00470550	
201810	 -0.06898593	 -0.03118756	 -0.07063411	
201811	  0.01574058	  0.04134675	  0.02578861	
201812	 -0.06385120	 -0.03942683	 -0.00140301	
201901	 -0.03149314	 -0.02958499	  0.03250807	
201902	  0.06570127	  0.15374570	 -0.00572544	
201903	  0.00173439	 -0.00521097	  0.00260258	
201904	  0.03703559	  0.05766715	  0.00214166	
201905	 -0.02203067	 -0.02087610	 -0.00789845	
201906	 -0.09734129	 -0.06410526	 -0.02947490	
201907	  0.07273926	  0.07326190	 -0.00176625	
201908	  0.04596394	  0.02174072	 -0.00873951	
201909	 -0.04788248	 -0.02278880	 -0.05148881	
201910	 -0.06800208	  0.00210477	  0.00933833	
201911	 -0.04571975	  0.03898775	  0.02373162	
201912	 -0.01961180	  0.02145508	  0.00036564	
202001	 -0.04085796	 -0.01454809	  0.01856556	
202002	  0.00581872	  0.02399170	  0.04195985	
202003	 -0.26041854	 -0.16436693	 -0.10338117	
202004	  0.01144381	 -0.02282219	  0.11751523	
202005	 -0.05607426	 -0.07001781	  0.07138669	
202006	 -0.01502376	  0.01958538	  0.06205849	
202007	  0.03447948	  0.07278231	  0.00149768	
202008	  0.00580830	 -0.01279468	  0.04354523	
202009	 -0.09954219	 -0.12016043	 -0.00472362	
202010	 -0.04311526	  0.03249982	  0.04056653	
202011	  0.05375725	  0.06556584	  0.02262458	
202012	  0.02488288	  0.01244129	  0.05047929	
202101	  0.10624166	  0.06178659	 -0.04853912	
202102	 -0.02973247	 -0.04833531	  0.01998460	
202103	 -0.07658205	 -0.00938450	 -0.07243633	
202104	 -0.04645184	 -0.02802147	  0.00114264	
202105	 -0.05370994	 -0.01026876	 -0.03112707	
202106	 -0.03633265	  0.00424908	  0.03774234	
202107	  0.00584988	  0.03855770	 -0.00070313	
202108	  0.01155584	  0.03142486	  0.00290839	
202109	 -0.01745475	 -0.00571759	 -0.01045792	
202110	 -0.00538852	 -0.00607972	  0.01594697	
202111	  0.01398488	  0.03127878	 -0.02440641	
202112	  0.06036660	  0.07120965	 -0.02381502	
202201	 -0.05794136	 -0.04679755	 -0.05411585	
202202	 -0.08858936	 -0.07021552	  0.00843478	
202203	 -0.07621055	 -0.02442803	 -0.02122165	
202204	 -0.16414551	 -0.13665935	 -0.03425109	
202205	 -0.02372926	  0.03228561	 -0.06681909	
202206	 -0.02496714	  0.08110573	  0.03764318	
202207	  0.00896067	  0.07619305	  0.00583969	
202208	  0.01625096	  0.01982401	  0.01254026	
202209	 -0.01031641	 -0.01397946	  0.05629846	
202210	 -0.02161225	 -0.00417963	 -0.09013203	
202211	  0.01290549	  0.01075207	 -0.05291579	
202212	  0.01930115	  0.04253225	 -0.01863631	
202301	  0.01333923	  0.04739246	 -0.03330664	
202302	  0.00488143	  0.03852404	  0.00465112	
202303	 -0.01143341	  0.00562069	  0.06794813	
202304	 -0.15161072	 -0.13210000	  0.00609672	
202305	 -0.07943237	 -0.00104040	  0.03855023	
202306	 -0.04560138	  0.01996221	 -0.06706213	
202307	  0.03158360	  0.05313238	 -0.03521294	
202308	 -0.02219315	 -0.01384346	 -0.04206628	
202309	 -0.06412711	 -0.03281943	 -0.04053745	
202310	  0.16340711	  0.17621454	  0.00078403	
202311	  0.01836070	 -0.10736516	  0.05513213	
202312	 -0.09925067	 -0.12738569	  0.03728561	
