10324
10604
10777
10933
10989
11340
11415
11587
11762
11850
11983
11988
11989
11995
12052
12062
12175
12289
12294
12295
12296
12297
12301
12302
12303
12304
12305
12308
12313
12314
12316
12317
12318
12321
12373
12381
12449
12453
12490
12522
12623
12742
12874
12975
13010
13011
13042
13043
13044
13086
13087
13088
13126
13300
13394
13407
13447
13507
13511
13623
13624
13628
13781
13851
13855
13856
13911
14008
14021
14282
14377
14404
14541
14542
14627
14714
14736
14752
14868
14888
15102
15202
15368
15395
15472
15649
15694
15735
15919
16167
16327
16559
16561
16600
16968
17119
17279
17470
17478
17674
17677
17724
17729
17731
17736
17737
17738
17740
17741
17744
17746
17748
17749
17750
17778
17782
17806
17830
17983
18143
18163
18382
18484
18542
18726
18729
18921
19084
19119
19350
19561
19654
19888
19916
19988
20065
20190
20220
20391
20745
20892
21004
21178
21282
21397
21571
21821
22097
22111
22509
22592
23063
23091
23317
23574
24010
24205
24539
24678
24766
25267
25419
25769
26075
26294
27043
28222
31069
32281
32943
34825
35554
36257
36281
36468
38085
38893
38906
39642
40097
40483
40644
40838
41080
41355
41443
44329
46578
46739
46747
46850
46877
48071
48397
48485
48725
48960
49330
49437
49680
50091
50200
51043
51596
52345
52695
52919
53225
53479
54181
54463
54579
55125
55976
56573
56822
57665
58413
59192
59301
59767
60442
60628
61508
61516
61778
63220
63830
64186
64194
64231
64362
64653
65541
65912
66122
68304
68419
69607
70229
70536
70885
71271
72733
72741
73139
75182
75301
75383
75566
75646
75648
75694
75789
75825
75945
76219
76266
76428
76477
76501
76592
76605
76625
76655
76674
76709
76757
76841
77338
77496
77644
77668
77768
78804
78862
79057
79157
79161
79163
79330
79637
79730
79785
79815
79919
80075
80100
80153
80204
80248
80381
80596
80599
80681
80699
80913
81003
81027
81061
81120
81126
81135
81136
81193
81331
81509
81659
81754
81781
81782
81882
82224
82299
82300
82303
82489
82562
82651
82832
83296
83354
83392
83443
83471
83563
83583
83597
83728
83799
84373
84396
84398
84592
84657
84767
85010
85058
85343
85385
85545
85560
85593
85621
85722
85765
86021
86041
86074
86096
86211
86377
86540
86758
86868
86877
86893
86900
86918
86927
86943
87001
87031
87052
87055
87155
87221
87267
87433
87447
87509
87655
87829
88215
88216
88217
88218
88219
88220
88221
88222
88223
88225
88228
88229
88279
88291
88292
88294
88295
88296
88297
88299
88302
88303
88311
88317
88388
88398
88399
88401
88402
88404
88406
88407
88488
88590
88607
88608
88609
88676
88678
88872
88888
88893
88894
88896
88927
88935
88961
88993
89058
89059
89061
89070
89152
89179
89217
89223
89232
89286
89350
89402
89467
89468
89469
89470
89479
89500
89533
89582
89583
89584
89585
89617
89626
89627
89837
89848
89869
89880
89883
89936
89959
89983
89992
89993
89995
89996
89997
89998
89999
90000
90001
90002
90003
90004
90005
90111
90112
90256
90257
90258
90259
90260
90261
90263
90264
90265
90319
90345
90347
90348
90349
90448
90694
90857
90878
90880
90920
90992
90993
91006
91007
91047
91053
91068
91124
91147
91152
91221
91225
91226
91227
91233
91290
91291
91292
91293
91294
91295
91308
91424
91473
91483
91518
91583
91589
91592
91699
91700
91701
91702
91703
91704
91705
91706
91747
91818
91873
91877
91878
91933
91948
91949
91950
91952
92221
92257
92273
92336
92337
92413
92491
92511
92595
92602
92611
92655
92702
92795
92822
92824
92877
92890
92916
92923
92978
93029
93101
93107
93108
93109
93138
93139
93142
93143
93144
93203
93204
93223
93260
93436
